1	0	5654
2	5654	2538
3	8192	8556
4	16748	7391
5	24139	2405
6	26544	1449
7	27993	1629
8	29622	2662
9	32284	2570
10	34854	2242
11	37096	3053
12	40149	2059
13	42208	2977
14	45185	6945
15	52130	6351
16	58481	6851
17	65332	6736
18	72068	3934
19	76002	8087
20	84089	7776
21	91865	3106
22	94971	1789
23	96760	2967
24	99727	1605
25	101332	3015
26	104347	3426
27	107773	1844
28	109617	1517
29	111134	4761
30	115895	1734
31	117629	1508
32	119137	2454
33	121591	3605
34	125196	2053
35	127249	1448
36	128697	2801
37	131498	7807
38	139305	3322
39	142627	3609
40	146236	8864
41	155100	3723
42	158823	2814
43	161637	2191
44	163828	3557
45	167385	3484
46	170869	2054
47	172923	1589
48	174512	1783
49	176295	6349
50	182644	3188
51	185832	2224
52	188056	1849
53	189905	3405
54	193310	5481
55	198791	1994
56	200785	4139
57	204924	2703
58	207627	3746
59	211373	1729
60	213102	1526
61	214628	1529
62	216157	1607
63	217764	3637
64	221401	2722
65	224123	3949
66	228072	2368
67	230440	2576
68	233016	2359
69	235375	2521
70	237896	23222
71	261118	3195
72	264313	3597
73	267910	6305
74	274215	3074
75	277289	3282
76	280571	3395
77	283966	5222
78	289188	1597
79	290785	2574
80	293359	3404
81	296763	2435
82	299198	1063
83	300261	2346
84	302607	5066
85	307673	4210
86	311883	3001
87	314884	3760
88	318644	2622
89	321266	5403
90	326669	2510
91	329179	3766
92	332945	1082
93	334027	5249
94	339276	1419
95	340695	1197
96	341892	2027
97	343919	7426
98	351345	3312
99	354657	2520
100	357177	3327
101	360504	3678
102	364182	6344
103	370526	1475
104	372001	2672
105	374673	2081
106	376754	3096
107	379850	1590
108	381440	8502
109	389942	3491
110	393433	3378
111	396811	1353
112	398164	7903
113	406067	8187
114	414254	8624
115	422878	5673
116	428551	7406
117	435957	7045
118	443002	5478
119	448480	1782
120	450262	6411
121	456673	9005
122	465678	3851
123	469529	4580
124	474109	2714
125	476823	2378
126	479201	3842
127	483043	4796
128	487839	4249
129	492088	3234
130	495322	7039
131	502361	8562
132	510923	8475
133	519398	2783
134	522181	602
135	522783	4176
136	526959	8122
137	535081	8323
138	543404	5394
139	548798	2387
140	551185	7584
141	558769	6622
142	565391	3430
143	568821	2885
144	571706	1045
145	572751	3039
146	575790	10574
147	586364	7549
148	593913	7602
149	601515	1014
150	602529	2948
151	605477	1779
152	607256	8013
153	615269	6927
154	622196	4041
155	626237	1005
156	627242	9565
157	636807	9616
158	646423	2691
159	649114	3779
160	652893	5676
161	658569	3030
162	661599	4441
163	666040	7877
164	673917	6484
165	680401	2492
166	682893	3786
167	686679	3371
168	690050	5039
169	695089	2213
170	697302	1079
171	698381	1336
172	699717	3980
173	703697	951
174	704648	3471
175	708119	3285
176	711404	3660
177	715064	3261
178	718325	2449
179	720774	959
180	721733	1234
181	722967	6997
182	729964	4468
183	734432	7282
184	741714	980
185	742694	3314
186	746008	9055
187	755063	2132
188	757195	6280
189	763475	6271
190	769746	1115
191	770861	803
192	771664	6749
193	778413	3566
194	781979	2665
195	784644	7385
196	792029	1278
197	793307	1056
198	794363	9058
199	803421	11227
200	814648	9208
201	823856	15970
202	839826	8698
203	848524	8390
204	856914	7307
205	864221	11258
206	875479	19485
207	894964	13535
208	908499	5463
209	913962	471
210	914433	805
211	915238	3175
212	918413	7321
213	925734	518
214	926252	1516
215	927768	3438
216	931206	2076
217	933282	9142
218	942424	8002
219	950426	8545
220	958971	4670
221	963641	2668
222	966309	4062
223	970371	5059
224	975430	7125
225	982555	3386
226	985941	2813
227	988754	652
228	989406	1031
229	990437	1619
230	992056	6657
231	998713	1327
232	1000040	11424
233	1011464	6327
234	1017791	4412
235	1022203	25785
236	1047988	3729
237	1051717	5122
238	1056839	8385
239	1065224	9752
240	1074976	4612
241	1079588	6352
242	1085940	9578
243	1095518	12826
244	1108344	4671
245	1113015	10933
246	1123948	6253
247	1130201	5090
248	1135291	1736
249	1137027	3795
250	1140822	4746
251	1145568	3689
252	1149257	10697
253	1159954	9887
254	1169841	6829
255	1176670	6090
256	1182760	5786
257	1188546	4079
258	1192625	3888
259	1196513	3484
260	1199997	3823
261	1203820	3313
262	1207133	12257
263	1219390	12824
264	1232214	4210
265	1236424	2842
266	1239266	5553
267	1244819	15887
268	1260706	4274
269	1264980	698
270	1265678	1183
271	1266861	4391
272	1271252	4365
273	1275617	2070
274	1277687	13019
275	1290706	6688
276	1297394	8815
277	1306209	7728
278	1313937	10679
279	1324616	195
280	1324811	6986
281	1331797	8929
282	1340726	2323
283	1343049	8145
284	1351194	8277
285	1359471	3878
286	1363349	5738
287	1369087	10249
288	1379336	2528
289	1381864	13725
290	1395589	510
291	1396099	1514
292	1397613	3069
293	1400682	4313
294	1404995	3013
295	1408008	2739
296	1410747	3738
297	1414485	2120
298	1416605	4004
299	1420609	2511
300	1423120	1915
301	1425035	3619
302	1428654	3862
303	1432516	3872
304	1436388	1893
305	1438281	5435
306	1443716	6873
307	1450589	2505
308	1453094	4579
309	1457673	1500
310	1459173	2451
311	1461624	2658
312	1464282	793
313	1465075	5358
314	1470433	266
315	1470699	835
316	1471534	3574
317	1475108	5869
318	1480977	1235
319	1482212	1382
320	1483594	3684
321	1487278	2384
322	1489662	3774
323	1493436	4028
324	1497464	902
325	1498366	2935
326	1501301	1781
327	1503082	2000
328	1505082	3124
329	1508206	8610
330	1516816	3964
331	1520780	3995
332	1524775	4625
333	1529400	3895
334	1533295	4628
335	1537923	1143
336	1539066	4202
337	1543268	2706
338	1545974	1702
339	1547676	1064
340	1548740	4038
341	1552778	3874
342	1556652	2888
343	1559540	1276
344	1560816	7689
345	1568505	19072
346	1587577	2195
347	1589772	3783
348	1593555	1633
349	1595188	4251
350	1599439	8852
351	1608291	3142
352	1611433	13369
353	1624802	3743
354	1628545	8709
355	1637254	5766
356	1643020	2165
357	1645185	1200
358	1646385	3862
359	1650247	1651
360	1651898	2804
361	1654702	6279
362	1660981	5394
363	1666375	1787
364	1668162	6753
365	1674915	3660
366	1678575	10433
367	1689008	4561
368	1693569	3523
369	1697092	6451
370	1703543	9637
371	1713180	1591
372	1714771	2744
373	1717515	4558
374	1722073	8712
375	1730785	1584
376	1732369	4808
377	1737177	1298
378	1738475	14590
379	1753065	1090
380	1754155	1299
381	1755454	5229
382	1760683	2496
383	1763179	3065
384	1766244	6868
385	1773112	6164
386	1779276	9198
387	1788474	11595
388	1800069	2067
389	1802136	6496
390	1808632	5775
391	1814407	10000
392	1824407	7702
393	1832109	8472
394	1840581	4209
395	1844790	3204
396	1847994	12842
397	1860836	4553
398	1865389	2356
399	1867745	2412
400	1870157	644
401	1870801	1349
402	1872150	10067
403	1882217	21746
404	1903963	856
405	1904819	3498
406	1908317	3819
407	1912136	1407
408	1913543	1052
409	1914595	5726
410	1920321	1197
411	1921518	871
412	1922389	1340
413	1923729	17698
414	1941427	9458
415	1950885	2828
416	1953713	3955
417	1957668	1304
418	1958972	4583
419	1963555	5940
420	1969495	1032
421	1970527	802
422	1971329	2286
423	1973615	8132
424	1981747	3239
425	1984986	1814
426	1986800	508
427	1987308	1520
428	1988828	3792
429	1992620	5906
430	1998526	1302
431	1999828	3152
432	2002980	1212
433	2004192	1286
434	2005478	1076
435	2006554	5520
436	2012074	902
437	2012976	4348
438	2017324	321
439	2017645	8859
440	2026504	3574
441	2030078	1578
442	2031656	1310
443	2032966	6379
444	2039345	4038
445	2043383	1198
446	2044581	2927
447	2047508	2640
448	2050148	1763
449	2051911	4088
450	2055999	12800
451	2068799	1446
452	2070245	4013
453	2074258	3551
454	2077809	1336
455	2079145	1059
456	2080204	3942
457	2084146	6850
458	2090996	1567
459	2092563	1501
460	2094064	1436
461	2095500	2414
462	2097914	2141
463	2100055	1718
464	2101773	1735
465	2103508	1126
466	2104634	1607
467	2106241	776
468	2107017	7004
469	2114021	8111
470	2122132	1448
471	2123580	1054
472	2124634	4650
473	2129284	2393
474	2131677	1136
475	2132813	6417
476	2139230	1753
477	2140983	7534
478	2148517	2148
479	2150665	6359
480	2157024	3974
481	2160998	1362
482	2162360	8314
483	2170674	9510
484	2180184	3623
485	2183807	2206
486	2186013	3360
487	2189373	4709
488	2194082	1662
489	2195744	461
490	2196205	3152
491	2199357	2100
492	2201457	10183
493	2211640	1116
494	2212756	1332
495	2214088	5159
496	2219247	6644
497	2225891	1407
498	2227298	1761
499	2229059	2235
500	2231294	3397
501	2234691	1875
502	2236566	2091
503	2238657	6034
504	2244691	2063
505	2246754	1446
506	2248200	1096
507	2249296	3167
508	2252463	6298
509	2258761	1949
510	2260710	2381
511	2263091	2598
512	2265689	2602
513	2268291	3592
514	2271883	1366
515	2273249	8485
516	2281734	3899
517	2285633	1445
518	2287078	10399
519	2297477	4089
520	2301566	7174
521	2308740	3349
522	2312089	6485
523	2318574	4651
524	2323225	2983
525	2326208	1298
526	2327506	3057
527	2330563	1946
528	2332509	1659
529	2334168	1705
530	2335873	2054
531	2337927	2119
532	2340046	973
533	2341019	1883
534	2342902	3947
535	2346849	2182
536	2349031	5382
537	2354413	1734
538	2356147	1880
539	2358027	2534
540	2360561	2176
541	2362737	1783
542	2364520	2373
543	2366893	4944
544	2371837	1606
545	2373443	13665
546	2387108	5362
547	2392470	966
548	2393436	14495
549	2407931	1844
550	2409775	1577
551	2411352	1061
552	2412413	1471
553	2413884	1748
554	2415632	6068
555	2421700	2972
556	2424672	3068
557	2427740	2376
558	2430116	1944
559	2432060	2834
560	2434894	5393
561	2440287	15370
562	2455657	7229
563	2462886	3345
564	2466231	3224
565	2469455	2530
566	2471985	2938
567	2474923	1332
568	2476255	2287
569	2478542	5263
570	2483805	1601
571	2485406	1286
572	2486692	1974
573	2488666	1485
574	2490151	1479
575	2491630	1384
576	2493014	2413
577	2495427	2038
578	2497465	2508
579	2499973	3434
580	2503407	2460
581	2505867	2515
582	2508382	20210
583	2528592	8395
584	2536987	4368
585	2541355	4472
586	2545827	4141
587	2549968	1519
588	2551487	4483
589	2555970	1349
590	2557319	1167
591	2558486	1465
592	2559951	7407
593	2567358	2177
594	2569535	18024
595	2587559	8877
596	2596436	5674
597	2602110	4022
598	2606132	3559
599	2609691	2051
600	2611742	16359
601	2628101	4458
602	2632559	1151
603	2633710	1925
604	2635635	1351
605	2636986	8150
606	2645136	5170
607	2650306	6842
608	2657148	1915
609	2659063	8203
610	2667266	7560
611	2674826	8504
612	2683330	4976
613	2688306	6743
614	2695049	15090
615	2710139	7516
616	2717655	5080
617	2722735	1356
618	2724091	1551
619	2725642	2139
620	2727781	816
621	2728597	6370
622	2734967	2131
623	2737098	8254
624	2745352	4216
625	2749568	1875
626	2751443	5236
627	2756679	5468
628	2762147	9115
629	2771262	4691
630	2775953	9494
631	2785447	3771
632	2789218	1060
633	2790278	1406
634	2791684	9078
635	2800762	295
636	2801057	1727
637	2802784	767
638	2803551	1454
639	2805005	12552
640	2817557	8032
641	2825589	4077
642	2829666	4999
643	2834665	4462
644	2839127	8897
645	2848024	2204
646	2850228	5363
647	2855591	2924
648	2858515	3109
649	2861624	1680
650	2863304	8090
651	2871394	3688
652	2875082	14152
653	2889234	3275
654	2892509	3875
655	2896384	4311
656	2900695	11591
657	2912286	916
658	2913202	7996
659	2921198	6264
660	2927462	780
661	2928242	5680
662	2933922	15566
663	2949488	908
664	2950396	6063
665	2956459	657
666	2957116	5247
667	2962363	8060
668	2970423	1439
669	2971862	4349
670	2976211	699
671	2976910	8911
672	2985821	1352
673	2987173	2803
674	2989976	2692
675	2992668	1236
676	2993904	1092
677	2994996	847
678	2995843	967
679	2996810	982
680	2997792	2346
681	3000138	1730
682	3001868	1139
683	3003007	889
684	3003896	1120
685	3005016	1344
686	3006360	985
687	3007345	1936
688	3009281	2612
689	3011893	1262
690	3013155	2729
691	3015884	2805
692	3018689	2986
693	3021675	1049
694	3022724	3602
695	3026326	4283
696	3030609	3319
697	3033928	5870
698	3039798	3288
699	3043086	909
700	3043995	2316
701	3046311	4616
702	3050927	783
703	3051710	5794
704	3057504	1223
705	3058727	6004
706	3064731	863
707	3065594	1607
708	3067201	862
709	3068063	3263
710	3071326	6406
711	3077732	3409
712	3081141	4014
713	3085155	1236
714	3086391	1070
715	3087461	1791
716	3089252	1524
717	3090776	2486
718	3093262	2485
719	3095747	1737
720	3097484	1368
721	3098852	2899
722	3101751	2426
723	3104177	1557
724	3105734	1850
725	3107584	1070
726	3108654	940
727	3109594	3353
728	3112947	1947
729	3114894	1918
730	3116812	2213
731	3119025	1943
732	3120968	3113
733	3124081	1783
734	3125864	3186
735	3129050	506
736	3129556	1094
737	3130650	799
738	3131449	2557
739	3134006	1046
740	3135052	2269
741	3137321	1851
742	3139172	1413
743	3140585	713
744	3141298	1666
745	3142964	2527
746	3145491	1555
747	3147046	2275
748	3149321	2378
749	3151699	2238
750	3153937	1056
751	3154993	2509
752	3157502	4175
753	3161677	2098
754	3163775	1779
755	3165554	4202
756	3169756	526
757	3170282	819
758	3171101	2553
759	3173654	4228
760	3177882	3547
761	3181429	893
762	3182322	3503
763	3185825	2384
764	3188209	2643
765	3190852	1984
766	3192836	3104
767	3195940	6307
768	3202247	959
769	3203206	6628
770	3209834	913
771	3210747	1123
772	3211870	776
773	3212646	6300
774	3218946	2832
775	3221778	5066
776	3226844	9057
777	3235901	7342
778	3243243	1801
779	3245044	3576
780	3248620	1485
781	3250105	629
782	3250734	3272
783	3254006	9146
784	3263152	2861
785	3266013	2205
786	3268218	5702
787	3273920	1276
788	3275196	4400
789	3279596	680
790	3280276	2529
791	3282805	1111
792	3283916	2505
793	3286421	4349
794	3290770	2914
795	3293684	5419
796	3299103	5853
797	3304956	4452
798	3309408	2743
799	3312151	2049
800	3314200	1045
801	3315245	789
802	3316034	2626
803	3318660	5764
804	3324424	929
805	3325353	1771
806	3327124	1698
807	3328822	7460
808	3336282	1188
809	3337470	2214
810	3339684	2419
811	3342103	1381
812	3343484	558
813	3344042	4991
814	3349033	6109
815	3355142	11611
816	3366753	1193
817	3367946	2318
818	3370264	1234
819	3371498	2170
820	3373668	2808
821	3376476	5174
822	3381650	2422
823	3384072	3010
824	3387082	20067
825	3407149	1594
826	3408743	2234
827	3410977	1739
828	3412716	1448
829	3414164	7338
830	3421502	4590
831	3426092	12578
832	3438670	2382
833	3441052	1810
834	3442862	1421
835	3444283	3096
836	3447379	1360
837	3448739	3868
838	3452607	1106
839	3453713	1312
840	3455025	2343
841	3457368	1935
842	3459303	2336
843	3461639	3453
844	3465092	958
845	3466050	7289
846	3473339	5197
847	3478536	6557
848	3485093	4421
849	3489514	3686
850	3493200	2737
851	3495937	30910
852	3526847	3949
853	3530796	5226
854	3536022	2832
855	3538854	1940
856	3540794	4718
857	3545512	1213
858	3546725	2549
859	3549274	9813
860	3559087	7403
861	3566490	9134
862	3575624	11921
863	3587545	16130
864	3603675	9096
865	3612771	13762
866	3626533	12732
867	3639265	8097
868	3647362	20732
869	3668094	12906
870	3681000	44131
871	3725131	22684
872	3747815	21775
873	3769590	8570
874	3778160	3126
875	3781286	5159
876	3786445	5550
877	3791995	4684
878	3796679	5521
879	3802200	1863
880	3804063	3849
881	3807912	6065
882	3813977	4420
883	3818397	957
884	3819354	774
885	3820128	4158
886	3824286	2655
887	3826941	2944
888	3829885	1238
889	3831123	1931
890	3833054	2304
891	3835358	2716
892	3838074	2290
893	3840364	1277
894	3841641	4685
895	3846326	4566
896	3850892	3563
897	3854455	3116
898	3857571	4090
899	3861661	4489
900	3866150	2759
901	3868909	3807
902	3872716	2294
903	3875010	1719
904	3876729	2283
905	3879012	20468
906	3899480	3296
907	3902776	4062
908	3906838	1903
909	3908741	8712
910	3917453	2662
911	3920115	5301
912	3925416	5333
913	3930749	3673
914	3934422	4154
915	3938576	5916
916	3944492	3013
917	3947505	5446
918	3952951	1722
919	3954673	2605
920	3957278	5016
921	3962294	4773
922	3967067	3296
923	3970363	5404
924	3975767	5475
925	3981242	4256
926	3985498	2522
927	3988020	4390
928	3992410	7384
929	3999794	6346
930	4006140	3568
931	4009708	6851
932	4016559	10173
933	4026732	2169
934	4028901	3666
935	4032567	2327
936	4034894	3699
937	4038593	2932
938	4041525	3765
939	4045290	1613
940	4046903	10130
941	4057033	2135
942	4059168	4978
943	4064146	2411
944	4066557	7949
945	4074506	6786
946	4081292	4438
947	4085730	9609
948	4095339	6404
949	4101743	5729
950	4107472	2869
951	4110341	5668
952	4116009	10432
953	4126441	4307
954	4130748	6157
955	4136905	4631
956	4141536	2268
957	4143804	3423
958	4147227	8898
959	4156125	1799
960	4157924	5734
961	4163658	4041
962	4167699	348
963	4168047	1849
964	4169896	7396
965	4177292	4442
966	4181734	2422
967	4184156	1731
968	4185887	3080
969	4188967	3519
970	4192486	2785
971	4195271	5232
972	4200503	1169
973	4201672	1155
974	4202827	3107
975	4205934	7614
976	4213548	7647
977	4221195	1182
978	4222377	6017
979	4228394	1685
980	4230079	2322
981	4232401	4831
982	4237232	3350
983	4240582	1920
984	4242502	1164
985	4243666	2634
986	4246300	663
987	4246963	2793
988	4249756	5203
989	4254959	1649
990	4256608	2827
991	4259435	4149
992	4263584	1244
993	4264828	1104
994	4265932	1611
995	4267543	1175
996	4268718	1655
997	4270373	811
998	4271184	858
999	4272042	3820
1000	4275862	824
1001	4276686	3108
1002	4279794	7839
1003	4287633	2541
1004	4290174	1500
1005	4291674	3155
1006	4294829	1152
1007	4295981	2693
1008	4298674	2345
1009	4301019	1340
1010	4302359	1023
1011	4303382	3066
1012	4306448	1452
1013	4307900	8317
1014	4316217	1451
1015	4317668	2050
1016	4319718	950
1017	4320668	1660
1018	4322328	1619
1019	4323947	908
1020	4324855	9640
1021	4334495	3953
1022	4338448	597
1023	4339045	588
1024	4339633	611
1025	4340244	592
1026	4340836	631
1027	4341467	609
1028	4342076	620
1029	4342696	566
1030	4343262	561
1031	4343823	584
1032	4344407	569
1033	4344976	647
1034	4345623	615
1035	4346238	593
1036	4346831	561
1037	4347392	604
1038	4347996	557
1039	4348553	589
1040	4349142	574
1041	4349716	562
1042	4350278	582
1043	4350860	575
1044	4351435	585
1045	4352020	579
1046	4352599	597
1047	4353196	594
1048	4353790	609
1049	4354399	591
1050	4354990	597
1051	4355587	629
1052	4356216	626
1053	4356842	603
1054	4357445	627
1055	4358072	604
1056	4358676	636
1057	4359312	592
1058	4359904	567
1059	4360471	600
1060	4361071	580
1061	4361651	590
1062	4362241	567
1063	4362808	594
1064	4363402	582
1065	4363984	582
1066	4364566	576
1067	4365142	588
1068	4365730	630
1069	4366360	586
1070	4366946	616
1071	4367562	596
1072	4368158	561
1073	4368719	599
1074	4369318	592
1075	4369910	612
1076	4370522	594
1077	4371116	585
1078	4371701	617
1079	4372318	599
1080	4372917	591
1081	4373508	594
1082	4374102	612
1083	4374714	631
1084	4375345	585
1085	4375930	615
1086	4376545	580
1087	4377125	643
1088	4377768	572
1089	4378340	601
1090	4378941	584
1091	4379525	595
1092	4380120	583
1093	4380703	570
1094	4381273	583
1095	4381856	578
1096	4382434	579
1097	4383013	633
1098	4383646	606
1099	4384252	587
1100	4384839	584
1101	4385423	587
1102	4386010	592
1103	4386602	592
1104	4387194	590
1105	4387784	612
1106	4388396	593
1107	4388989	620
1108	4389609	592
1109	4390201	568
1110	4390769	594
1111	4391363	592
1112	4391955	611
1113	4392566	599
1114	4393165	590
1115	4393755	584
1116	4394339	583
1117	4394922	595
1118	4395517	570
1119	4396087	587
1120	4396674	582
1121	4397256	586
1122	4397842	574
1123	4398416	589
1124	4399005	583
1125	4399588	587
1126	4400175	585
1127	4400760	602
1128	4401362	556
1129	4401918	614
1130	4402532	592
1131	4403124	627
1132	4403751	613
1133	4404364	596
1134	4404960	591
1135	4405551	628
1136	4406179	642
1137	4406821	566
1138	4407387	575
1139	4407962	594
1140	4408556	602
1141	4409158	593
1142	4409751	611
1143	4410362	623
1144	4410985	600
1145	4411585	638
1146	4412223	642
1147	4412865	590
1148	4413455	576
1149	4414031	580
1150	4414611	581
1151	4415192	613
1152	4415805	593
1153	4416398	570
1154	4416968	572
1155	4417540	572
1156	4418112	583
1157	4418695	612
1158	4419307	602
1159	4419909	623
1160	4420532	626
1161	4421158	589
1162	4421747	614
1163	4422361	606
1164	4422967	618
1165	4423585	602
1166	4424187	601
1167	4424788	626
1168	4425414	8065
1169	4433479	11529
1170	4445008	2027
1171	4447035	3587
1172	4450622	5149
1173	4455771	5314
1174	4461085	6320
1175	4467405	1013
1176	4468418	7178
1177	4475596	2923
1178	4478519	9511
1179	4488030	4199
1180	4492229	2865
1181	4495094	1562
1182	4496656	2901
1183	4499557	3381
1184	4502938	1752
1185	4504690	5534
1186	4510224	9040
1187	4519264	2273
1188	4521537	8400
1189	4529937	6778
1190	4536715	6440
1191	4543155	3669
1192	4546824	3362
1193	4550186	2868
1194	4553054	450
1195	4553504	2148
1196	4555652	2890
1197	4558542	6541
1198	4565083	9402
1199	4574485	8413
1200	4582898	9668
1201	4592566	7937
1202	4600503	5448
1203	4605951	6223
1204	4612174	3530
1205	4615704	3969
1206	4619673	1525
1207	4621198	1642
1208	4622840	3131
1209	4625971	3493
1210	4629464	4573
1211	4634037	3463
1212	4637500	11583
1213	4649083	4785
1214	4653868	1050
1215	4654918	4146
1216	4659064	3637
1217	4662701	3422
1218	4666123	7965
1219	4674088	2225
1220	4676313	5517
1221	4681830	4357
1222	4686187	6511
1223	4692698	4769
1224	4697467	2147
1225	4699614	2123
1226	4701737	1473
1227	4703210	3293
1228	4706503	4575
1229	4711078	4114
1230	4715192	6215
1231	4721407	8557
1232	4729964	1833
1233	4731797	5760
1234	4737557	7254
1235	4744811	1253
1236	4746064	4087
1237	4750151	1588
1238	4751739	7274
1239	4759013	2734
1240	4761747	10119
1241	4771866	4272
1242	4776138	5784
1243	4781922	794
1244	4782716	3736
1245	4786452	1955
1246	4788407	746
1247	4789153	3213
1248	4792366	751
1249	4793117	6200
1250	4799317	6342
1251	4805659	5720
1252	4811379	10719
1253	4822098	3776
1254	4825874	1531
1255	4827405	2108
1256	4829513	9555
1257	4839068	4295
1258	4843363	6368
1259	4849731	3007
1260	4852738	6081
1261	4858819	6062
1262	4864881	1677
1263	4866558	6450
1264	4873008	3241
1265	4876249	6693
1266	4882942	9017
1267	4891959	1384
1268	4893343	2893
1269	4896236	1728
1270	4897964	3322
1271	4901286	5964
1272	4907250	6732
1273	4913982	6238
1274	4920220	6330
1275	4926550	9683
1276	4936233	9712
1277	4945945	1140
1278	4947085	691
1279	4947776	1130
1280	4948906	3780
1281	4952686	640
1282	4953326	5510
1283	4958836	1363
1284	4960199	2764
1285	4962963	2293
1286	4965256	5445
1287	4970701	2574
1288	4973275	25919
1289	4999194	3694
1290	5002888	4007
1291	5006895	12414
1292	5019309	4344
1293	5023653	3875
1294	5027528	12257
1295	5039785	3659
1296	5043444	1572
1297	5045016	1757
1298	5046773	690
1299	5047463	3203
1300	5050666	2823
1301	5053489	5780
1302	5059269	9602
1303	5068871	4027
1304	5072898	1082
1305	5073980	1745
1306	5075725	5472
1307	5081197	4581
1308	5085778	4521
1309	5090299	4378
1310	5094677	1837
1311	5096514	4354
1312	5100868	3647
1313	5104515	6136
1314	5110651	4175
1315	5114826	1090
1316	5115916	719
1317	5116635	8829
1318	5125464	3920
1319	5129384	6955
1320	5136339	1484
1321	5137823	2462
1322	5140285	1072
1323	5141357	998
1324	5142355	989
1325	5143344	5311
1326	5148655	10971
1327	5159626	732
1328	5160358	650
1329	5161008	4002
1330	5165010	10074
1331	5175084	1269
1332	5176353	3094
1333	5179447	782
1334	5180229	535
1335	5180764	605
1336	5181369	972
1337	5182341	704
1338	5183045	1737
1339	5184782	12247
1340	5197029	4311
1341	5201340	11176
1342	5212516	3595
1343	5216111	5088
1344	5221199	9780
1345	5230979	1641
1346	5232620	730
1347	5233350	715
1348	5234065	2909
1349	5236974	1859
1350	5238833	2300
1351	5241133	3165
1352	5244298	2881
1353	5247179	2944
1354	5250123	2996
1355	5253119	2414
1356	5255533	2457
1357	5257990	2526
1358	5260516	842
1359	5261358	1584
1360	5262942	5818
1361	5268760	2554
1362	5271314	1276
1363	5272590	2033
1364	5274623	1568
1365	5276191	2880
1366	5279071	5791
1367	5284862	1171
1368	5286033	2810
1369	5288843	1820
1370	5290663	1213
1371	5291876	1097
1372	5292973	1754
1373	5294727	5968
1374	5300695	3416
1375	5304111	1571
1376	5305682	601
1377	5306283	2692
1378	5308975	875
1379	5309850	5743
1380	5315593	5193
1381	5320786	1589
1382	5322375	740
1383	5323115	769
1384	5323884	5788
1385	5329672	3720
1386	5333392	611
1387	5334003	5798
1388	5339801	673
1389	5340474	2844
1390	5343318	1069
1391	5344387	1252
1392	5345639	7569
1393	5353208	1461
1394	5354669	2285
1395	5356954	2075
1396	5359029	1446
1397	5360475	960
1398	5361435	1691
1399	5363126	2611
1400	5365737	17028
1401	5382765	1535
1402	5384300	4836
1403	5389136	2097
1404	5391233	2808
1405	5394041	6262
1406	5400303	512
1407	5400815	4021
1408	5404836	2023
1409	5406859	1201
1410	5408060	4641
1411	5412701	838
1412	5413539	2106
1413	5415645	1884
1414	5417529	4165
1415	5421694	4678
1416	5426372	9208
1417	5435580	4119
1418	5439699	2695
1419	5442394	829
1420	5443223	794
1421	5444017	885
1422	5444902	1029
1423	5445931	1938
1424	5447869	1544
1425	5449413	2543
1426	5451956	1990
1427	5453946	3735
1428	5457681	925
1429	5458606	1190
1430	5459796	1909
1431	5461705	1415
1432	5463120	3794
1433	5466914	5701
1434	5472615	2223
1435	5474838	2885
1436	5477723	1487
1437	5479210	5733
1438	5484943	2641
1439	5487584	1270
1440	5488854	1317
1441	5490171	7938
1442	5498109	1689
1443	5499798	2813
1444	5502611	1225
1445	5503836	1395
1446	5505231	5107
1447	5510338	3024
1448	5513362	1279
1449	5514641	2771
1450	5517412	1426
1451	5518838	906
1452	5519744	2758
1453	5522502	1477
1454	5523979	890
1455	5524869	2983
1456	5527852	1181
1457	5529033	2585
1458	5531618	1607
1459	5533225	2217
1460	5535442	1973
1461	5537415	6230
1462	5543645	2061
1463	5545706	1549
1464	5547255	3130
1465	5550385	2666
1466	5553051	2859
1467	5555910	1019
1468	5556929	1401
1469	5558330	5488
1470	5563818	3601
1471	5567419	2063
1472	5569482	5791
1473	5575273	6763
1474	5582036	1191
1475	5583227	1502
1476	5584729	339
1477	5585068	2181
1478	5587249	2928
1479	5590177	1202
1480	5591379	898
1481	5592277	1850
1482	5594127	2949
1483	5597076	6868
1484	5603944	2643
1485	5606587	1545
1486	5608132	1750
1487	5609882	1687
1488	5611569	8941
1489	5620510	5592
1490	5626102	5650
1491	5631752	5467
1492	5637219	6724
1493	5643943	2055
1494	5645998	19438
1495	5665436	1801
1496	5667237	1219
1497	5668456	3017
1498	5671473	1839
1499	5673312	2674
1500	5675986	4150
1501	5680136	1394
1502	5681530	576
1503	5682106	6553
1504	5688659	2397
1505	5691056	1810
1506	5692866	3328
1507	5696194	1870
1508	5698064	13740
1509	5711804	523
1510	5712327	1615
1511	5713942	3012
1512	5716954	2349
1513	5719303	2801
1514	5722104	18355
1515	5740459	1575
1516	5742034	3069
1517	5745103	575
1518	5745678	1555
1519	5747233	1632
1520	5748865	1546
1521	5750411	8812
1522	5759223	4415
1523	5763638	2918
1524	5766556	589
1525	5767145	7676
1526	5774821	4040
1527	5778861	12452
1528	5791313	4874
1529	5796187	2521
1530	5798708	15847
1531	5814555	6289
1532	5820844	2618
1533	5823462	290
1534	5823752	2346
1535	5826098	3853
1536	5829951	2791
1537	5832742	13540
1538	5846282	7912
1539	5854194	1907
1540	5856101	2778
1541	5858879	1929
1542	5860808	1847
1543	5862655	3438
1544	5866093	2213
1545	5868306	3055
1546	5871361	1988
1547	5873349	1826
1548	5875175	2188
1549	5877363	2904
1550	5880267	2830
1551	5883097	1928
1552	5885025	2601
1553	5887626	3318
1554	5890944	2165
1555	5893109	1908
1556	5895017	1771
1557	5896788	2083
1558	5898871	4499
1559	5903370	3895
1560	5907265	3797
1561	5911062	3004
1562	5914066	2449
1563	5916515	2564
1564	5919079	2329
1565	5921408	2370
1566	5923778	5862
1567	5929640	9933
1568	5939573	2787
1569	5942360	921
1570	5943281	4422
1571	5947703	3196
1572	5950899	2669
1573	5953568	2376
1574	5955944	2595
1575	5958539	3566
1576	5962105	4351
1577	5966456	2608
1578	5969064	4989
1579	5974053	2747
1580	5976800	8208
1581	5985008	2750
1582	5987758	6267
1583	5994025	2444
1584	5996469	1217
1585	5997686	17814
1586	6015500	9871
1587	6025371	2958
1588	6028329	3241
1589	6031570	5885
1590	6037455	3480
1591	6040935	1939
1592	6042874	3077
1593	6045951	4492
1594	6050443	4373
1595	6054816	3717
1596	6058533	2989
1597	6061522	24537
1598	6086059	11294
1599	6097353	16286
1600	6113639	30695
1601	6144334	3777
1602	6148111	1467
1603	6149578	3252
1604	6152830	1191
1605	6154021	1767
1606	6155788	4508
1607	6160296	1064
1608	6161360	4211
1609	6165571	1814
1610	6167385	2136
1611	6169521	1023
1612	6170544	1079
1613	6171623	2142
1614	6173765	1925
1615	6175690	6200
1616	6181890	618
1617	6182508	3074
1618	6185582	1251
1619	6186833	2282
1620	6189115	3473
1621	6192588	4105
1622	6196693	4291
1623	6200984	6281
1624	6207265	3748
1625	6211013	693
1626	6211706	4270
1627	6215976	4074
1628	6220050	530
1629	6220580	980
1630	6221560	1577
1631	6223137	3648
1632	6226785	3576
1633	6230361	4797
1634	6235158	2691
1635	6237849	2072
1636	6239921	3124
1637	6243045	795
1638	6243840	3141
1639	6246981	2366
1640	6249347	2655
1641	6252002	2543
1642	6254545	4022
1643	6258567	2035
1644	6260602	1855
1645	6262457	4429
1646	6266886	1416
1647	6268302	4418
1648	6272720	3875
1649	6276595	5674
1650	6282269	4524
1651	6286793	6437
1652	6293230	2532
1653	6295762	3441
1654	6299203	2700
1655	6301903	745
1656	6302648	9109
1657	6311757	2198
1658	6313955	2514
1659	6316469	2384
1660	6318853	1328
1661	6320181	10153
1662	6330334	1270
1663	6331604	3962
1664	6335566	1118
1665	6336684	450
1666	6337134	10765
1667	6347899	1829
1668	6349728	3357
1669	6353085	3336
1670	6356421	9686
1671	6366107	2178
1672	6368285	1105
1673	6369390	774
1674	6370164	1036
1675	6371200	1826
1676	6373026	8491
1677	6381517	3449
1678	6384966	6333
1679	6391299	4808
1680	6396107	5604
1681	6401711	1700
1682	6403411	5354
1683	6408765	1685
1684	6410450	1692
1685	6412142	6778
1686	6418920	2778
1687	6421698	1490
1688	6423188	2060
1689	6425248	2571
1690	6427819	3768
1691	6431587	3722
1692	6435309	4211
1693	6439520	3592
1694	6443112	3039
1695	6446151	4807
1696	6450958	2608
1697	6453566	2709
1698	6456275	3453
1699	6459728	19782
1700	6479510	3985
1701	6483495	1239
1702	6484734	4159
1703	6488893	3661
1704	6492554	5334
1705	6497888	4306
1706	6502194	3780
1707	6505974	4346
1708	6510320	3055
1709	6513375	1675
1710	6515050	4290
1711	6519340	3722
1712	6523062	3981
1713	6527043	4143
1714	6531186	3527
1715	6534713	3629
1716	6538342	3789
1717	6542131	3988
1718	6546119	3455
1719	6549574	4296
1720	6553870	3749
1721	6557619	4705
1722	6562324	3477
1723	6565801	4756
1724	6570557	4159
1725	6574716	3937
1726	6578653	3464
1727	6582117	2819
1728	6584936	3076
1729	6588012	3118
1730	6591130	4047
1731	6595177	3253
1732	6598430	19342
1733	6617772	4340
1734	6622112	3393
1735	6625505	1539
1736	6627044	3439
1737	6630483	3499
1738	6633982	19527
1739	6653509	4659
1740	6658168	1496
1741	6659664	3399
1742	6663063	4126
1743	6667189	1212
1744	6668401	3439
1745	6671840	5419
1746	6677259	3761
1747	6681020	5051
1748	6686071	3273
1749	6689344	3714
1750	6693058	3466
1751	6696524	2720
1752	6699244	3630
1753	6702874	3179
1754	6706053	3536
1755	6709589	18925
1756	6728514	4490
1757	6733004	3761
1758	6736765	3601
1759	6740366	1580
1760	6741946	4315
1761	6746261	1224
1762	6747485	918
1763	6748403	2934
1764	6751337	4057
1765	6755394	3511
1766	6758905	2834
1767	6761739	2596
1768	6764335	1095
1769	6765430	4208
1770	6769638	19788
1771	6789426	3315
1772	6792741	4783
1773	6797524	3301
1774	6800825	3633
1775	6804458	3742
1776	6808200	1625
1777	6809825	500
1778	6810325	4136
1779	6814461	6058
1780	6820519	1724
1781	6822243	3579
1782	6825822	2441
1783	6828263	5766
1784	6834029	7752
1785	6841781	4925
1786	6846706	893
1787	6847599	1259
1788	6848858	2019
1789	6850877	4051
1790	6854928	3480
1791	6858408	586
1792	6858994	4045
1793	6863039	2890
1794	6865929	2839
1795	6868768	3491
1796	6872259	5586
1797	6877845	4609
1798	6882454	5080
1799	6887534	2693
1800	6890227	9154
1801	6899381	9392
1802	6908773	5534
1803	6914307	2009
1804	6916316	7341
1805	6923657	3474
1806	6927131	3720
1807	6930851	8340
1808	6939191	1294
1809	6940485	1870
1810	6942355	3074
1811	6945429	4546
1812	6949975	2011
1813	6951986	1187
1814	6953173	1207
1815	6954380	5275
1816	6959655	2769
1817	6962424	4002
1818	6966426	1124
1819	6967550	2010
1820	6969560	1325
1821	6970885	2880
1822	6973765	1572
1823	6975337	725
1824	6976062	520
1825	6976582	849
1826	6977431	660
1827	6978091	521
1828	6978612	559
1829	6979171	1329
1830	6980500	3721
1831	6984221	500
1832	6984721	2073
1833	6986794	1326
1834	6988120	3384
1835	6991504	3256
1836	6994760	5312
1837	7000072	2998
1838	7003070	3799
1839	7006869	3278
1840	7010147	3027
1841	7013174	2077
1842	7015251	1911
1843	7017162	3186
1844	7020348	3759
1845	7024107	3610
1846	7027717	10062
1847	7037779	2039
1848	7039818	3812
1849	7043630	3436
1850	7047066	4206
1851	7051272	1505
1852	7052777	1446
1853	7054223	2341
1854	7056564	1938
1855	7058502	3090
1856	7061592	9644
1857	7071236	2011
1858	7073247	2637
1859	7075884	3179
1860	7079063	3454
1861	7082517	8370
1862	7090887	1718
1863	7092605	1047
1864	7093652	1360
1865	7095012	5352
1866	7100364	4984
1867	7105348	2143
1868	7107491	1730
1869	7109221	4008
1870	7113229	2311
1871	7115540	2248
1872	7117788	1466
1873	7119254	4271
1874	7123525	1255
1875	7124780	1223
1876	7126003	1400
1877	7127403	1677
1878	7129080	5175
1879	7134255	2514
1880	7136769	1364
1881	7138133	10914
1882	7149047	7023
1883	7156070	1855
1884	7157925	3323
1885	7161248	1910
1886	7163158	12878
1887	7176036	4667
1888	7180703	2464
1889	7183167	2311
1890	7185478	2143
1891	7187621	1370
1892	7188991	1159
1893	7190150	661
1894	7190811	4749
1895	7195560	1284
1896	7196844	891
1897	7197735	3105
1898	7200840	1884
1899	7202724	2867
1900	7205591	960
1901	7206551	1310
1902	7207861	1345
1903	7209206	517
1904	7209723	4947
1905	7214670	3234
1906	7217904	2200
1907	7220104	849
1908	7220953	775
1909	7221728	1234
1910	7222962	1580
1911	7224542	757
1912	7225299	1674
1913	7226973	543
1914	7227516	1831
1915	7229347	2461
1916	7231808	2312
1917	7234120	2677
1918	7236797	1639
1919	7238436	611
1920	7239047	2150
1921	7241197	2190
1922	7243387	2313
1923	7245700	2125
1924	7247825	471
1925	7248296	2418
1926	7250714	1223
1927	7251937	3091
1928	7255028	1549
1929	7256577	696
1930	7257273	1034
1931	7258307	773
1932	7259080	1087
1933	7260167	2930
1934	7263097	4402
1935	7267499	9670
1936	7277169	2176
1937	7279345	3157
1938	7282502	2092
1939	7284594	2273
1940	7286867	1886
1941	7288753	1766
1942	7290519	5366
1943	7295885	5456
1944	7301341	2487
1945	7303828	3404
1946	7307232	4756
1947	7311988	3719
1948	7315707	3372
1949	7319079	15480
1950	7334559	4124
1951	7338683	3589
1952	7342272	10149
1953	7352421	1662
1954	7354083	1483
1955	7355566	5860
1956	7361426	5048
1957	7366474	3848
1958	7370322	2191
1959	7372513	1254
1960	7373767	1526
1961	7375293	4645
1962	7379938	2727
1963	7382665	1947
1964	7384612	8763
1965	7393375	6267
1966	7399642	5175
1967	7404817	1968
1968	7406785	6470
1969	7413255	2964
1970	7416219	2934
1971	7419153	1692
1972	7420845	2112
1973	7422957	2587
1974	7425544	1688
1975	7427232	3352
1976	7430584	3033
1977	7433617	1895
1978	7435512	5570
1979	7441082	8163
1980	7449245	3203
1981	7452448	573
1982	7453021	3652
1983	7456673	5095
1984	7461768	6905
1985	7468673	905
1986	7469578	2359
1987	7471937	4364
1988	7476301	3548
1989	7479849	2901
1990	7482750	5622
1991	7488372	5072
1992	7493444	7350
1993	7500794	1120
1994	7501914	3935
1995	7505849	1337
1996	7507186	3289
1997	7510475	4378
1998	7514853	4848
1999	7519701	2341
2000	7522042	6057
2001	7528099	2275
2002	7530374	1704
2003	7532078	5389
2004	7537467	1355
2005	7538822	5692
2006	7544514	1389
2007	7545903	4605
2008	7550508	9764
2009	7560272	1721
2010	7561993	3473
2011	7565466	9593
2012	7575059	3905
2013	7578964	7892
2014	7586856	3775
2015	7590631	14051
2016	7604682	1287
2017	7605969	5509
2018	7611478	1232
2019	7612710	1948
2020	7614658	2656
2021	7617314	2412
2022	7619726	1208
2023	7620934	6812
2024	7627746	3161
2025	7630907	2588
2026	7633495	5236
2027	7638731	1909
2028	7640640	2564
2029	7643204	4769
2030	7647973	4722
2031	7652695	4481
2032	7657176	3076
2033	7660252	7689
2034	7667941	3523
2035	7671464	3338
2036	7674802	2360
2037	7677162	3489
2038	7680651	2169
2039	7682820	2034
2040	7684854	9183
2041	7694037	5404
2042	7699441	7502
2043	7706943	5430
2044	7712373	4854
2045	7717227	8256
2046	7725483	11941
2047	7737424	6327
2048	7743751	1428
2049	7745179	1853
2050	7747032	971
2051	7748003	5295
2052	7753298	2948
2053	7756246	666
2054	7756912	4186
2055	7761098	811
2056	7761909	3144
2057	7765053	729
2058	7765782	916
2059	7766698	4224
2060	7770922	1271
2061	7772193	1803
2062	7773996	1144
2063	7775140	1632
2064	7776772	874
2065	7777646	2494
2066	7780140	4380
2067	7784520	4678
2068	7789198	1106
2069	7790304	2238
2070	7792542	952
2071	7793494	1968
2072	7795462	1189
2073	7796651	3961
2074	7800612	1444
2075	7802056	4807
2076	7806863	2478
2077	7809341	2062
2078	7811403	2484
2079	7813887	2235
2080	7816122	3480
2081	7819602	1668
2082	7821270	2602
2083	7823872	2021
2084	7825893	1891
2085	7827784	4286
2086	7832070	14592
2087	7846662	2118
2088	7848780	6581
2089	7855361	13724
2090	7869085	9055
2091	7878140	3699
2092	7881839	4600
2093	7886439	3633
2094	7890072	5665
2095	7895737	1684
2096	7897421	3980
2097	7901401	1885
2098	7903286	9757
2099	7913043	6480
2100	7919523	2446
2101	7921969	4522
2102	7926491	7544
2103	7934035	2079
2104	7936114	3698
2105	7939812	4306
2106	7944118	1079
2107	7945197	2207
2108	7947404	1957
2109	7949361	3104
2110	7952465	2439
2111	7954904	7775
2112	7962679	2652
2113	7965331	2003
2114	7967334	6206
2115	7973540	4234
2116	7977774	4354
2117	7982128	3823
2118	7985951	6876
2119	7992827	3593
2120	7996420	3273
2121	7999693	4613
2122	8004306	5255
2123	8009561	4432
2124	8013993	4110
2125	8018103	1128
2126	8019231	7936
2127	8027167	4560
2128	8031727	4378
2129	8036105	4075
2130	8040180	5553
2131	8045733	7787
2132	8053520	2335
2133	8055855	2116
2134	8057971	2939
2135	8060910	2933
2136	8063843	4603
2137	8068446	5418
2138	8073864	3157
2139	8077021	4077
2140	8081098	5443
2141	8086541	4671
2142	8091212	5107
2143	8096319	2479
2144	8098798	2717
2145	8101515	2957
2146	8104472	8251
2147	8112723	1217
2148	8113940	759
2149	8114699	4137
2150	8118836	3333
2151	8122169	1533
2152	8123702	9938
2153	8133640	3057
2154	8136697	8744
2155	8145441	3922
2156	8149363	5234
2157	8154597	4921
2158	8159518	8573
2159	8168091	4786
2160	8172877	3909
2161	8176786	510
2162	8177296	4669
2163	8181965	4383
2164	8186348	3803
2165	8190151	5814
2166	8195965	7206
2167	8203171	6458
2168	8209629	2562
2169	8212191	3349
2170	8215540	956
2171	8216496	22900
2172	8239396	18570
2173	8257966	2572
2174	8260538	8466
2175	8269004	1635
2176	8270639	2383
2177	8273022	7125
2178	8280147	3328
2179	8283475	10997
2180	8294472	2864
2181	8297336	3500
2182	8300836	3211
2183	8304047	7254
2184	8311301	6892
2185	8318193	6181
2186	8324374	1063
2187	8325437	2774
2188	8328211	3435
2189	8331646	1035
2190	8332681	2420
2191	8335101	1542
2192	8336643	6333
2193	8342976	2086
2194	8345062	12942
2195	8358004	6459
2196	8364463	2867
2197	8367330	5021
2198	8372351	1952
2199	8374303	9034
2200	8383337	6553
2201	8389890	2469
2202	8392359	6411
2203	8398770	2130
2204	8400900	992
2205	8401892	5429
2206	8407321	1961
2207	8409282	1491
2208	8410773	1846
2209	8412619	1160
2210	8413779	1167
2211	8414946	6948
2212	8421894	3746
2213	8425640	1012
2214	8426652	2462
2215	8429114	2221
2216	8431335	3212
2217	8434547	2577
2218	8437124	30032
2219	8467156	1086
2220	8468242	1736
2221	8469978	5087
2222	8475065	1240
2223	8476305	1640
2224	8477945	1721
2225	8479666	2400
2226	8482066	1668
2227	8483734	1572
2228	8485306	2629
2229	8487935	3200
2230	8491135	4654
2231	8495789	1774
2232	8497563	945
2233	8498508	1484
2234	8499992	2044
2235	8502036	1518
2236	8503554	1790
2237	8505344	1278
2238	8506622	1897
2239	8508519	1601
2240	8510120	850
2241	8510970	2708
2242	8513678	1865
2243	8515543	6145
2244	8521688	2713
2245	8524401	1394
2246	8525795	1196
2247	8526991	2678
2248	8529669	1447
2249	8531116	2307
2250	8533423	1458
2251	8534881	1330
2252	8536211	2182
2253	8538393	1511
2254	8539904	1706
2255	8541610	5600
2256	8547210	1276
2257	8548486	2955
2258	8551441	1593
2259	8553034	2781
2260	8555815	852
2261	8556667	1599
2262	8558266	3987
2263	8562253	3228
2264	8565481	2977
2265	8568458	2704
2266	8571162	1399
2267	8572561	1362
2268	8573923	876
2269	8574799	1082
2270	8575881	3316
2271	8579197	3193
2272	8582390	3758
2273	8586148	1740
2274	8587888	4864
2275	8592752	1777
2276	8594529	961
2277	8595490	1262
2278	8596752	977
2279	8597729	1148
2280	8598877	5072
2281	8603949	1847
2282	8605796	1121
2283	8606917	1284
2284	8608201	1230
2285	8609431	1498
2286	8610929	2681
2287	8613610	2133
2288	8615743	1091
2289	8616834	1826
2290	8618660	4991
2291	8623651	2330
2292	8625981	2685
2293	8628666	705
2294	8629371	5942
2295	8635313	3318
2296	8638631	8935
2297	8647566	3995
2298	8651561	2033
2299	8653594	3414
2300	8657008	7580
2301	8664588	2624
2302	8667212	2721
2303	8669933	19257
2304	8689190	3100
2305	8692290	5360
2306	8697650	2245
2307	8699895	4251
2308	8704146	6526
2309	8710672	954
2310	8711626	8200
2311	8719826	5339
2312	8725165	6670
2313	8731835	914
2314	8732749	3779
2315	8736528	2943
2316	8739471	3572
2317	8743043	2534
2318	8745577	3694
2319	8749271	4680
2320	8753951	9624
2321	8763575	11523
2322	8775098	2147
2323	8777245	4784
2324	8782029	3012
2325	8785041	1642
2326	8786683	5780
2327	8792463	8386
2328	8800849	8789
2329	8809638	2752
2330	8812390	4475
2331	8816865	3142
2332	8820007	1926
2333	8821933	10632
2334	8832565	5300
2335	8837865	1302
2336	8839167	1850
2337	8841017	3599
2338	8844616	3698
2339	8848314	2515
2340	8850829	7676
2341	8858505	6999
2342	8865504	6482
2343	8871986	8790
2344	8880776	3147
2345	8883923	2807
2346	8886730	1840
2347	8888570	7057
2348	8895627	3408
2349	8899035	2647
2350	8901682	1147
2351	8902829	11615
2352	8914444	10837
2353	8925281	6929
2354	8932210	8891
2355	8941101	2265
2356	8943366	498
2357	8943864	2765
2358	8946629	601
2359	8947230	4296
2360	8951526	2318
2361	8953844	9183
2362	8963027	6517
2363	8969544	7410
2364	8976954	2729
2365	8979683	7680
2366	8987363	4471
2367	8991834	2936
2368	8994770	6306
2369	9001076	9250
2370	9010326	2970
2371	9013296	4382
2372	9017678	3894
2373	9021572	1712
2374	9023284	6514
2375	9029798	5471
2376	9035269	5230
2377	9040499	8026
2378	9048525	1834
2379	9050359	2816
2380	9053175	2666
2381	9055841	2425
2382	9058266	1543
2383	9059809	1128
2384	9060937	1128
2385	9062065	5535
2386	9067600	1309
2387	9068909	1993
2388	9070902	4744
2389	9075646	6774
2390	9082420	8175
2391	9090595	3905
2392	9094500	1233
2393	9095733	8845
2394	9104578	6005
2395	9110583	2049
2396	9112632	4444
2397	9117076	1931
2398	9119007	1257
2399	9120264	2144
2400	9122408	3001
2401	9125409	2583
2402	9127992	1501
2403	9129493	3396
2404	9132889	1643
2405	9134532	6361
2406	9140893	2455
2407	9143348	2142
2408	9145490	5061
2409	9150551	8557
2410	9159108	5179
2411	9164287	2455
2412	9166742	2351
2413	9169093	1809
2414	9170902	3492
2415	9174394	2409
2416	9176803	3916
2417	9180719	426
2418	9181145	2451
2419	9183596	2073
2420	9185669	2421
2421	9188090	2645
2422	9190735	7987
2423	9198722	5219
2424	9203941	5937
2425	9209878	4549
2426	9214427	2485
2427	9216912	2473
2428	9219385	7404
2429	9226789	1767
2430	9228556	620
2431	9229176	467
2432	9229643	590
2433	9230233	2562
2434	9232795	2504
2435	9235299	1907
2436	9237206	5759
2437	9242965	2022
2438	9244987	2373
2439	9247360	1563
2440	9248923	2998
2441	9251921	1765
2442	9253686	8296
2443	9261982	1685
2444	9263667	3666
2445	9267333	1985
2446	9269318	3207
2447	9272525	2846
2448	9275371	7562
2449	9282933	389
2450	9283322	485
2451	9283807	11251
2452	9295058	4482
2453	9299540	9017
2454	9308557	3398
2455	9311955	1992
2456	9313947	7122
2457	9321069	6455
2458	9327524	2237
2459	9329761	14960
2460	9344721	6405
2461	9351126	1319
2462	9352445	1966
2463	9354411	2928
2464	9357339	2575
2465	9359914	2127
2466	9362041	1579
2467	9363620	731
2468	9364351	1381
2469	9365732	725
2470	9366457	377
2471	9366834	3978
2472	9370812	3053
2473	9373865	4155
2474	9378020	7598
2475	9385618	5428
2476	9391046	1334
2477	9392380	1163
2478	9393543	919
2479	9394462	1849
2480	9396311	2398
2481	9398709	8091
2482	9406800	2461
2483	9409261	906
2484	9410167	837
2485	9411004	1633
2486	9412637	2229
2487	9414866	7277
2488	9422143	1631
2489	9423774	4759
2490	9428533	2442
2491	9430975	3616
2492	9434591	2683
2493	9437274	6953
2494	9444227	3013
2495	9447240	4595
2496	9451835	2513
2497	9454348	2875
2498	9457223	1896
2499	9459119	1265
2500	9460384	4728
2501	9465112	1625
2502	9466737	982
2503	9467719	1593
2504	9469312	1791
2505	9471103	4600
2506	9475703	1664
2507	9477367	2676
2508	9480043	9340
2509	9489383	1868
2510	9491251	2619
2511	9493870	3542
2512	9497412	6149
2513	9503561	3360
2514	9506921	2947
2515	9509868	7873
2516	9517741	1725
2517	9519466	2192
2518	9521658	954
2519	9522612	1658
2520	9524270	1760
2521	9526030	7378
2522	9533408	3134
2523	9536542	1666
2524	9538208	1402
2525	9539610	7679
2526	9547289	1983
2527	9549272	2105
2528	9551377	1775
2529	9553152	1677
2530	9554829	2068
2531	9556897	1148
2532	9558045	5123
2533	9563168	7816
2534	9570984	5310
2535	9576294	10999
2536	9587293	1824
2537	9589117	7259
2538	9596376	3680
2539	9600056	7918
2540	9607974	470
2541	9608444	3871
2542	9612315	741
2543	9613056	863
2544	9613919	5664
2545	9619583	2130
2546	9621713	2610
2547	9624323	3658
2548	9627981	3262
2549	9631243	2072
2550	9633315	10134
2551	9643449	579
2552	9644028	3156
2553	9647184	3445
2554	9650629	5306
2555	9655935	3755
2556	9659690	9848
2557	9669538	1623
2558	9671161	3115
2559	9674276	1974
2560	9676250	4386
2561	9680636	1356
2562	9681992	9445
2563	9691437	2573
2564	9694010	3567
2565	9697577	1771
2566	9699348	1475
2567	9700823	1497
2568	9702320	4708
2569	9707028	2883
2570	9709911	8551
2571	9718462	5298
2572	9723760	3033
2573	9726793	7116
2574	9733909	1174
2575	9735083	2793
2576	9737876	2568
2577	9740444	1934
2578	9742378	516
2579	9742894	5861
2580	9748755	509
2581	9749264	2065
2582	9751329	5872
2583	9757201	2510
2584	9759711	3064
2585	9762775	8931
2586	9771706	3606
2587	9775312	3024
2588	9778336	8940
2589	9787276	4030
2590	9791306	3377
2591	9794683	3628
2592	9798311	1445
2593	9799756	4466
2594	9804222	1012
2595	9805234	1766
2596	9807000	2085
2597	9809085	1786
2598	9810871	15844
2599	9826715	5923
2600	9832638	2244
2601	9834882	2608
2602	9837490	5393
2603	9842883	13761
2604	9856644	3816
2605	9860460	1827
2606	9862287	3617
2607	9865904	6584
2608	9872488	2939
2609	9875427	549
2610	9875976	4678
2611	9880654	4546
2612	9885200	2700
2613	9887900	4727
2614	9892627	2148
2615	9894775	730
2616	9895505	1602
2617	9897107	2799
2618	9899906	926
2619	9900832	1103
2620	9901935	15538
2621	9917473	6411
2622	9923884	13942
2623	9937826	715
2624	9938541	2030
2625	9940571	2587
2626	9943158	2763
2627	9945921	1756
2628	9947677	20030
2629	9967707	9017
2630	9976724	3550
2631	9980274	3532
2632	9983806	3373
2633	9987179	3340
2634	9990519	408
2635	9990927	4086
2636	9995013	907
2637	9995920	3824
2638	9999744	28614
2639	10028358	4192
2640	10032550	7367
2641	10039917	9309
2642	10049226	30278
2643	10079504	19661
2644	10099165	916
2645	10100081	594
2646	10100675	2290
2647	10102965	1592
2648	10104557	4943
2649	10109500	3293
2650	10112793	4026
2651	10116819	2478
2652	10119297	4569
2653	10123866	1122
2654	10124988	1981
2655	10126969	647
2656	10127616	399
2657	10128015	2278
2658	10130293	831
2659	10131124	3520
2660	10134644	909
2661	10135553	2563
2662	10138116	3101
2663	10141217	308
2664	10141525	7186
2665	10148711	19009
2666	10167720	5680
2667	10173400	1280
2668	10174680	2157
2669	10176837	2325
2670	10179162	2586
2671	10181748	3625
2672	10185373	2336
2673	10187709	830
2674	10188539	373
2675	10188912	1129
2676	10190041	3822
2677	10193863	1113
2678	10194976	3516
2679	10198492	1543
2680	10200035	1312
2681	10201347	1982
2682	10203329	1291
2683	10204620	3873
2684	10208493	530
2685	10209023	6448
2686	10215471	2552
2687	10218023	3650
2688	10221673	798
2689	10222471	1249
2690	10223720	2395
2691	10226115	667
2692	10226782	766
2693	10227548	4995
2694	10232543	4983
2695	10237526	6527
2696	10244053	8633
2697	10252686	7520
2698	10260206	38424
2699	10298630	17860
2700	10316490	2757
2701	10319247	10529
2702	10329776	3771
2703	10333547	4716
2704	10338263	5396
2705	10343659	4814
2706	10348473	5234
2707	10353707	6714
2708	10360421	6473
2709	10366894	4667
2710	10371561	4138
2711	10375699	8941
2712	10384640	8393
2713	10393033	5471
2714	10398504	7432
2715	10405936	7893
2716	10413829	4453
2717	10418282	4948
2718	10423230	6321
2719	10429551	3463
2720	10433014	4232
2721	10437246	8207
2722	10445453	7851
2723	10453304	7991
2724	10461295	7298
2725	10468593	4591
2726	10473184	9437
2727	10482621	5297
2728	10487918	5536
2729	10493454	18419
2730	10511873	5352
2731	10517225	3387
2732	10520612	11453
2733	10532065	7865
2734	10539930	2115
2735	10542045	2835
2736	10544880	3648
2737	10548528	19765
2738	10568293	4286
2739	10572579	3510
2740	10576089	6773
2741	10582862	25775
2742	10608637	11216
2743	10619853	7083
2744	10626936	5936
2745	10632872	6340
2746	10639212	6571
2747	10645783	8149
2748	10653932	3645
2749	10657577	4968
2750	10662545	3442
2751	10665987	1860
2752	10667847	975
2753	10668822	1394
2754	10670216	1141
2755	10671357	2082
2756	10673439	1282
2757	10674721	1721
2758	10676442	1785
2759	10678227	2161
2760	10680388	1787
2761	10682175	7638
2762	10689813	18290
2763	10708103	3844
2764	10711947	4376
2765	10716323	3323
2766	10719646	3532
2767	10723178	10424
2768	10733602	4048
2769	10737650	1202
2770	10738852	865
2771	10739717	1477
2772	10741194	944
2773	10742138	1952
2774	10744090	4411
2775	10748501	1615
2776	10750116	6216
2777	10756332	7623
2778	10763955	1966
2779	10765921	3982
2780	10769903	2646
2781	10772549	4744
2782	10777293	8731
2783	10786024	4932
2784	10790956	7960
2785	10798916	4770
2786	10803686	9982
2787	10813668	2161
2788	10815829	1584
2789	10817413	2056
2790	10819469	2410
2791	10821879	2874
2792	10824753	2556
2793	10827309	13287
2794	10840596	2457
2795	10843053	2192
2796	10845245	3042
2797	10848287	10086
2798	10858373	4688
2799	10863061	6986
2800	10870047	3622
2801	10873669	3395
2802	10877064	2833
2803	10879897	3070
2804	10882967	5815
2805	10888782	4759
2806	10893541	13631
2807	10907172	3811
2808	10910983	2950
2809	10913933	1568
2810	10915501	8065
2811	10923566	5647
2812	10929213	12440
2813	10941653	3802
2814	10945455	5454
2815	10950909	7908
2816	10958817	10123
2817	10968940	3565
2818	10972505	3369
2819	10975874	2165
2820	10978039	3764
2821	10981803	1975
2822	10983778	1446
2823	10985224	7359
2824	10992583	1007
2825	10993590	931
2826	10994521	1592
2827	10996113	3259
2828	10999372	1812
2829	11001184	4012
2830	11005196	4002
2831	11009198	1372
2832	11010570	4907
2833	11015477	2589
2834	11018066	1740
2835	11019806	1963
2836	11021769	1472
